See python code for node numbering.
Basically, start from bottom left and
label nodes moving in a left to right
then bottom to top direction 
-------------------------------------
Choleski decomposition results:

5.94538249224196
2.8500484799493093
7.083474217913175
6.297649252080294
4.2648148223518545
2.12147809422194
4.536247619572397
3.8423079680561445
2.6947494508632173
1.3710490745865933
2.219208292320267
1.8405855497086716
1.3008259384582765
0.6679687532612175
---------------------------------------
Conjugate Gradient results:

iteration | x vector  |  r vector
  0  0.0        0.2807
     3.04793    -3.842
     -0.160418  25.22
     2.64689    18.5
     1.08282    4.293
     -1.28334   29.88
     -0.160418  -19.01
     0.0        15.4
     -0.721879  3.929
     0.0        -20.69
     0.0        2.166
     0.240626   -1.497
     -0.120313  -5.147
     0.0        1.524

  1  0.0125791  4.405
     3.86792    -0.4179
     0.917478   3.206
     4.33764    -2.864
     1.62763    15.19
     -0.362175  3.733
     -1.06463   14.59
     0.690053   15.81
     -0.780789  -0.06995
     -0.927259  5.795
     0.0970387  -17.23
     0.251877   0.02149
     -0.3901    0.06109
     0.0682865  -10.26

  2  0.255898   -11.16
     4.23586    1.905
     1.60344    -3.751
     4.98843    2.905
     2.70557    2.082
     0.277546   4.64
     -0.709095  9.589
     1.87041    -3.388
     -0.812609  15.92
     -1.0566    -2.622
     -0.784815  2.391
     0.258392   8.279
     -0.515273  -5.347
     -0.451811  0.7156

  3  -0.257376  -7.075
     4.56785    0.5881
     1.79153    0.8163
     5.54826    0.006067
     3.47177    3.346
     0.933088   2.944
     0.0688155  -1.978
     2.37502    2.285
     0.107909   0.2107
     -1.28848   7.278
     -1.1701    8.09
     0.750695   -1.8
     -0.905447  10.42
     -0.720016  -5.49

  4  -1.11689   4.834
     4.83025    0.6634
     1.97577    0.9021
     5.91819    1.285
     4.22377    -0.7109
     1.58247    1.99
     0.436652   -0.7508
     2.87628    -0.6618
     0.730961   3.314
     -0.905773  5.58
     -0.828888  -0.2087
     0.943117   1.79
     -0.395601  0.9522
     -1.30111   3.045

  5  -0.880873  0.4486
     5.03239    1.701
     2.17361    -1.714
     6.24806    -3.851
     4.46828    4.595
     2.12742    -0.2164
     0.504599   2.248
     3.01519    5.409
     1.43377    -0.5575
     -0.0197004 -2.244
     -0.70334   4.674
     1.25847    -1.844
     -0.0459939 0.9723
     -1.17015   9.814

  6  -0.209951  4.549
     5.79277    -3.093
     2.44116    -0.2374
     6.55401    4.445
     5.74607    -0.8706
     3.49986    0.304
     0.996708   6.48
     4.13597    -1.774
     3.16452    -0.8555
     1.9449     -3.912
     0.279318   2.838
     1.81013    0.0007978
     0.991256   5.179
     0.551638   -0.8692

  7  0.477719   0.3366
     5.8622     -1.075
     2.53881    2.818
     7.07164    -0.4797
     6.23513    1.063
     4.13181    -1.558
     1.77169    0.6398
     4.478      0.02399
     3.85482    -1.375
     2.47533    0.8402
     0.957278   2.479
     2.05369    2.998
     1.89481    -1.958
     1.2368     -0.5261

  8  0.611734   0.1885
     5.80947    0.8273
     2.72337    0.1237
     7.12873    -0.1815
     6.37967    -1.415
     4.14338    0.2885
     1.93829    0.6775
     4.53609    0.8975
     3.88699    -0.03268
     2.61339    0.2076
     1.21767    0.6367
     2.27315    -0.4297
     1.92747    -0.5804
     1.31886    -0.4635

  9  0.656356   -0.05686
     5.86838    0.2377
     2.77328    0.2774
     7.12552    -0.1744
     6.29051    0.1207
     4.17033    0.3266
     2.03134    0.2339
     4.62463    -0.4784
     3.89109    -0.2153
     2.66049    0.05673
     1.32731    -0.03249
     2.28358    -0.2304
     1.88522    -0.06232
     1.29708    0.08134

 10  0.658999   0.1216
     5.94582    0.003283
     2.85686    -0.1024
     7.08314    -0.02731
     6.2869     0.1156
     4.25725    0.03169
     2.12019    -0.05011
     4.54344    -0.03908
     3.84168    0.05572
     2.69088    -0.01739
     1.35915    0.1068
     2.23287    -0.07705
     1.85525    -0.1004
     1.30846    -0.1113

 11  0.668491   -0.0283
     5.9493     -0.05451
     2.85244    -0.0181
     7.07927    0.05883
     6.29566    0.003146
     4.26331    0.00364
     2.12002    0.01761
     4.53704    0.005473
     3.84391    -0.02423
     2.69081    0.04684
     1.36871    0.005416
     2.22481    -0.04763
     1.84627    -0.04632
     1.30034    0.02461

 12  0.667969    0.0000
     5.94538    -0.0000
     2.85005    -0.0000
     7.08347     0.0000
     6.29765    -0.0000
     4.26481     0.0000
     2.12148     0.0000
     4.53625    -0.0000
     3.84231     0.0000
     2.69475    -0.0000
     1.37105    -0.0000
     2.21921     0.0000
     1.84059    -0.0000
     1.30083     0.0000

 13  0.667969    0.0000
     5.94538    -0.0000
     2.85005    -0.0000
     7.08347     0.0000
     6.29765    -0.0000
     4.26481     0.0000
     2.12148     0.0000
     4.53625    -0.0000
     3.84231     0.0000
     2.69475    -0.0000
     1.37105    -0.0000
     2.21921     0.0000
     1.84059    -0.0000
     1.30083     0.0000