  0.0   0.02
 0.02   0.02
 0.04   0.02
 0.06   0.02
 0.08   0.02
  0.1   0.02
  0.0   0.04
 0.02   0.04
 0.04   0.04
 0.06   0.04
 0.08   0.04
  0.1   0.04
  0.0   0.06
 0.02   0.06
 0.04   0.06
 0.06   0.06
 0.08   0.06
  0.1   0.06
  0.0   0.08
 0.02   0.08
 0.04   0.08
 0.06   0.08
 0.08   0.08
  0.1   0.08
  0.0    0.1
 0.02    0.1
 0.04    0.1
 0.06    0.1
 0.08    0.1
  0.1    0.1
 0.04      0
 0.06      0
 0.08      0
  0.1      0
/
1   2   7   0.0000
2   3   8   0.0000
3   4   9   0.0000
4   5   10  0.0000
5   6   11  0.0000
7   8   13  0.0000
8   9   14  0.0000
9   10  15  0.0000
10  11  16  0.0000
11  12  17  0.0000
13  14  19  0.0000
14  15  20  0.0000
15  16  21  0.0000
16  17  22  0.0000
17  18  23  0.0000
19  20  25  0.0000
20  21  26  0.0000
21  22  27  0.0000
22  23  28  0.0000
23  24  29  0.0000
7   2   8   0.0000
8   3   9   0.0000
9   4   10  0.0000
10  5   11  0.0000
11  6   12  0.0000
13  8   14  0.0000
14  9   15  0.0000
15  10  16  0.0000
16  11  17  0.0000
17  12  18  0.0000
19  14  20  0.0000
20  15  21  0.0000
21  16  22  0.0000
22  17  23  0.0000
23  18  24  0.0000
25  20  26  0.0000
26  21  27  0.0000
27  22  28  0.0000
28  23  29  0.0000
29  24  30  0.0000
31  32   3  0.0000
32  33   4  0.0000
33  34   5  0.0000
 3  32   4  0.0000
 4  33   5  0.0000
 5  34   6  0.0000
/
1   10.00
2   10.00
3   10.00
31  10.00
34  0.000
25  0.000
26  0.000
27  0.000
28  0.000
29  0.000
30  0.000
6   0.000
12  0.000
18  0.000
24  0.000
7   7.500
13  5.000
19  2.500
32  6.667
33  3.333